1183020785033760000
1362565116462590000
1397133652547540000
3238342316
2819836654
1354905937857940000
1396712583160370000
3079262957
821050530466328000
715534473828413000
154278608
1178520164020750000
2305449602
535718287
1395866228351270000
1395846148414440000
1395823648859170000
154940705
1394889334159980000
3158019028
1014175539572230000
446317822
1168352734371820000
1300599374188210000
58011729
115099532
2147990206
1678780338
106454302
64475009
1372204749425140000
1188076680973340000
1056572939376710000
178572231
18188299
16828039
625081848
1365481998303840000
1227564098751250000
348881606
222991487
221716854
1367618233361120000
2973889563
1191128657454080000
156222047
1476108098
265761576
94835293
1359969781303090000
98979518
900148024994910000
119957705
247150566
105138458
1075816776615840000
999067901821947000
2974981061
2216421478
1028449564758600000
53691344
1062005732520980000
220579196
543154332
154755689
1197951047626640000
1246659500465160000
1346614354846900000
1357356024257260000
1315708904257570000
1391504413244770000
1389278768653540000
118099437
1287602264857880000
1064261425
1390868964608280000
903051048
1390739502818330000
1296848622064100000
369080705
54123079
809209110466007000
185265486
110687997
1295531371696440000
1586627059
1273120669639770000
920366557003485000
615790289
1156849743039010000
4187839313
500410155
4705404410
1338969808461840000
1389566203929230000
1389480938095130000
1389430982835590000
1389081958379130000
353888577
60222866
1362830630300570000
283682998
1384987751490150000
120189537
1318275909418350000
1372152466322680000
2798726385
1220361338
105815883
270965193
896534618
1337484511001660000
1003826176433970000
293873828
95046317
1386528717149770000
1353827720233440000
113478866
19457951
718415174823243000
1193917061002600000
848043741730541000
823975460166107000
1193871705258770000
1262512137466970000
1380982485228650000
159097662
57662387
1344203990
1690963946
1356284162551010000
3567323777
163202844
1289354890180000000
984902618362318000
2185642495
1384759192599280000
4322661982
1184209391177910000
4851915459
1380638215346980000
356356537
132911019
1384495379803250000
169972438
1002982470332150000
3254138717
2729469700
554647755
1214982160639240000
113143369
1424392832
161484319
1383432719498020000
1325866530
264911463
100115910
1858438254
1324096811854890000
1354678774915330000
797219730495074000
2271827198
1379626932363480000
1098699942
57998707
1313886484462620000
1284291908878070000
1381585610331330000
502427999
1382093455560690000
26286562
1107438135200430000
1046518715364380000
1929717276
1358071086
1170471631396960000
3043493523
814926593982222000
1381405059506960000
2147878273
1380757488472050000
1181472982658530000
46068438
746523265615732000
1371355580468700000
432288952
140859008
1289717991714800000
31202161
1379820208706170000
1372241460964250000
1076288202275730000
48372002
1262754500
737065395941724000
876222909211168000
1368737857641320000
1196845307595820000
1379276606452200000
1283475688679510000
1330977481889820000
224332521
755599413775634000
781158763822772000
2680560994
774066868185403000
1016746526444580000
1267149955984240000
27047622
1377362770203700000
389697881
1378073550079330000
1228051489823870000
768547689621557000
853791229326262000
107105663
103968008
1185366563874050000
36671042
1449732739
809409754300817000
892194637494054000
200538432
1235299429156110000
1376651437443320000
122133961
1376288929607990000
1370088738836070000
574496785
223318431
2653203284
2722281214
751206691576901000
1345894163213120000
15717384
1187378409992830000
180583044
1221142811753480000
1212439817704720000
928975798241038000
950768772
1336462960940740000
96483086
730103189500997000
72449506
141273935
1245879890873920000
1369501594895730000
765679639394131000
32847974
82889511
940395518206849000
702597114078035000
244786770
101610033
1136686164394630000
1373062774293660000
3707333243
1434523261
1373044528387610000
1222252316222500000
1229103848553400000
750699783136899000
1245479633820290000
1131608913072310000
40747798
1202209255350250000
58334111
1268540735961380000
3014546189
931734919532949000
1352463854840760000
1221833358902210000
41398934
1370961505924090000
180784415
136405488
1275896887728580000
1369694415661440000
73428007
280626876
1642960741
2357714002
2408002722
1222814453558890000
1371543395328480000
1282494645247920000
717181530162876000
1371154382948020000
834082707281952000
2691332100
113616560
2176968218
1211344362942030000
1021503334472180000
2581064551
1370470897694420000
1256812215379920000
952608274968449000
1339352050354820000
1370099034103380000
1366194662256610000
1241436187988010000
368615936
756680989305364000
1175725425949070000
540371465
1366771433062460000
323369484
102991854
76956488
716245801
334482372
1194344262051220000
3302595123
984411404621971000
1355320586151610000
78981344
1186096230398590000
1107593436008510000
976832901626163000
1367170192372020000
719644652970844000
936736443149537000
1245537494130740000
1196831804214430000
175624458
1364311702943260000
2903127407
221211508
170170645
1343941203587430000
901429257028722000
1292979748256320000
50667718
936400853744963000
64616473
1260595684086020000
1185266680781510000
943939575558410000
1267451106201860000
535311886
1167374688
792425214
119127158
2442401045
135998601
1167163219212980000
917540634952642000
1313962704449590000
1353360686672390000
476181558
1353139982064620000
1352108213542510000
1360406916132920000
1357881484808490000
1364635080078030000
1344069965616440000
935555339562430000
1360725880629260000
743119499487023000
1364012880576830000
386654188
1363804511823880000
936792906
2970026967
1230646454781380000
1010724580682540000
1362731404329630000
946955344931987000
259905072
1362104643371820000
1188432102527810000
1253416057311620000
1076156675088870000
1176992857053440000
366774473
1307104722
1355204478111240000
3296933211
41609477
1116199926889880000
1358941480740650000
1215283454776100000
1359289405882690000
828062804288630000
1347696011486100000
938371789054468000
735694687
1347487549032450000
1245833720273210000
1338652807721850000
1359301381568470000
224810745
840353383
1346699588862930000
1359285255753070000
780971144
118273794
1033082177322240000
4049954893
874117410047000000
139213494
1234232508922890000
234793048
2972146773
764860117
2884865045
634374667
1181353519607140000
1187740118175630000
1351826680013330000
21375476
1356991897437420000
1217603170500780000
1351176025049320000
1330321500084310000
1254885396401530000
1349210990353780000
1550977212
1355671663757690000
1354940696361370000
1290006326391770000
86911100
720641396856791000
171738768
585921371
179263764
1168666984579520000
946867773430517000
1328252510562340000
1349689008570380000
1346071418258280000
1214987844365760000
285347151
632415710
3405614350
1339656451422330000
120117154
739996159
1352671115970280000
121118768
1021464919970070000
977735531349069000
1352245896570950000
41923656
1352192793335180000
199500711
370482234
279227224
149399795
1188220197674660000
1279143674
1323755612203810000
915039411477336000
438461918
1312550762833160000
1297965735826850000
1026831247836950000
872571109333487000
3308862585
952887027011289000
1312090362132020000
104516699
303524566
1344763052726620000
1133996767
2958985330
1294444504133630000
128309653
1065745290601380000
707007361404297000
1132993651649530000
1294067377940850000
1331994017920320000
48570792
1326507042509610000
259245497
726264846447181000
2834750980
2440580846
1192739660952400000
1347275386598660000
1017430860
1191160650699030000
119015562
1347226479797670000
1098578566432860000
1147987836416640000
1347373739374230000
1347278108072790000
1224771303741230000
1186334248069930000
933346946542067000
1270786885200330000
1346964149293740000
1346458073053990000
4223341523
856682678535499000
172524718
388514408
62142995
209944434
897407101
1116797292047200000
1345825532718550000
826570954436464000
222916381
1339647399854290000
1101603516894840000
1270064026261780000
310775028
1112482085325990000
1194405493676130000
1294066887207280000
160777765
2887563617
4924766590
1266609094825300000
1343648611125620000
90532138
3379104791
1343573782708020000
119028561
1276555507030020000
1226305470715000000
2956734190
42686991
1266646551855860000
4860016840
145631489
4160772737
2295093660
41937809
919770805931823000
325593109
69995689
253129300
1300947227616180000
250345122
433656396
964955694268116000
140501080
100480334
123591505
1212858638382970000
3117103630
1389693932
1334583315085590000
3122619653
1309221685296530000
89617614
1339184289003480000
324701128
1421570264
958023156966490000
1268309868022230000
14430670
1312138592
155982952
457168643
1337102803999860000
1337209158861520000
1240344088790140000
118488941
322054752
1164543099781160000
1337212528254960000
1327839084912500000
2598018951
118825495
557365038
1335430813194860000
1335414523013020000
115544498
1192113040403120000
726007944
787867508
624349174
812020519822381000
1323181014890530000
1078019218573010000
966062955371606000
1300217570763640000
1333956539405770000
1333992811247640000
629449535
744847508921278000
33967545
1240406605176470000
1078513427079920000
101628306
158512538
1333603371429860000
342151634
2842730657
827717306088353000
1185576671350600000
1326027567456010000
1064603185774500000
297057518
541329124
187727027
3091261191
2803019286
293239095
1277642689178220000
354583457
154897811
1185902762304920000
1330646665498390000
268988031
276638605
1241362201614690000
1331707547099780000
1187788005999810000
348729348
1311305053597240000
1149041064990380000
1167831573300940000
746116063
1331263275657550000
1271925633724100000
1252625111154400000
1317519923040680000
226675363
2300935118
3413844953
1330553752353440000
1308252042843040000
129202350
930262211095941000
1003089487
1329590822946410000
1676585688
192602308
2172916262
1275282597707420000
1325658454875360000
2516323632
150050108
157506244
1190364937639670000
768894161411899000
530823484
147603357
297032245
1328372362216150000
190100347
1272803332420240000
1325762377170760000
1103703288954990000
1327627270601780000
1032605958021830000
3334610777
47806504
1696480130
1306445872843100000
1325767261391560000
1326718033809820000
792405478697496000
1151336818664750000
929314871728136000
1318309727663800000
3381202673
1325482801848870000
1322239990106140000
827640933957120000
1324789965671320000
946340449
1262075572877950000
1080543074110050000
68703168
2160813336
950425421165875000
1237124461247240000
1196965561718230000
1023589496376510000
347426760
1185971722878700000
280686835
1023762431934430000
1312783704389970000
1316100155586860000
85661723
1312149058165840000
1321841884411680000
1040637960662770000
844204578300088000
228462042
724382706675625000
3120203002
134209327
1321624596504860000
2943963700
1320027541638360000
367344775
1321640180353270000
1114161557095740000
78138525
220412607
1301966722107350000
3214555271
2675466458
26968974
1315674728460320000
1256222790933530000
955888008489852000
115205170
1270456704422070000
1080539019992350000
118558947
1303070860069280000
1320695733251690000
1309123684356030000
1313270586156680000
260918168
928738578
1304992007484510000
1319331568889020000
2295833478
1317901649223030000
205270872
736731486439809000
1186702958760790000
1318718560433260000
101372840
1318581749878800000
3397427807
1240757604235840000
504835103
122473171
749734863348039000
371858327
515435294
6170252
1238696286209080000
1311078005956110000
231048699
107139152
1316568139266690000
786696979082608000
996746072532881000
333765183
3405469024
1214242754089210000
1285706463617390000
1227824915228830000
1278496084554390000
1304853884230340000
998267664085737000
3193558765
742564730
1312454466021600000
1224767344326700000
1313871350990340000
2428155138
347467255
2902355819
1313688831737180000
1314050236839580000
984122232690667000
1077457999
1303376209246650000
1189245162683320000
1186455066015860000
1158427072324390000
1297921454407840000
1312762809294480000
216708154
966664609942949000
1295811698696300000
63154775
1104492448301170000
1003360039200080000
1235262704149020000
878665781223071000
1130523630675330000
235666360
2876501555
1193596057428660000
1294669979216940000
858710898915119000
2747622901
1204622282041240000
887385484489629000
1311518021723330000
1124322317704750000
118696007
1311307367825500000
1267300081113470000
1301943102207410000
1310761143951130000
904166293
909429210
1240445902466280000
231439835
1309934401569120000
1282738782215820000
1251219218072300000
964201092
250238741
105385578
700326432
1245392911971350000
1114265496210340000
3411828041
3559764376
951602815356620000
778265764914663000
1267646193582160000
1243779713564150000
1173179764426830000
239587878
757040947
1285398698051190000
1300945456227390000
1351443199
1210786927344930000
539246460
59830083
1186062909413170000
3335245007
1215607520938590000
1305497275653810000
1119408513414040000
1304921631970730000
2567875413
1303097771008950000
118213757
1304630704978910000
1292335441522430000
68336501
1196749177507720000
1304077663364090000
1092379871072910000
57856773
1260935902060100000
1302657348381610000
61679199
302986126
1303471481918280000
808876608568299000
4383661035
1284188705511570000
1303030303234100000
818969498342531000
4071513383
901233744161509000
1300843465899750000
1293266517619020000
1063648159220580000
525482319
310069434
1103669739040220000
1463487648
1303045985162140000
885694069904732000
1249807829126520000
1260002821593800000
2860521712
1302942316337000000
1155648822988680000
1066334352571840000
978441809348227000
1293566353161560000
1302100063712410000
1301964531774740000
808782555914891000
1168002745305090000
74834184
1233780700748370000
1268620574986730000
1296122934977850000
1299115521992940000
1261524648673640000
1299517900617910000
265159116
862806820628332000
4863751209
1189476110830050000
1299896755698440000
1466232794
1258923414930190000
745359289968168000
1096548379226710000
1298288730432830000
106780662
1282676830831620000
795997811816931000
1123343482121330000
1275117512338940000
32182475
1296101879051700000
1297825463814030000
1155769771
557706035
132776490
1242707827073980000
750676304178053000
175562277
1102617661425340000
2267961360
1214347603883800000
152891926
99642507
1119711102101740000
64074185
3210238256
1296598598411580000
1288125949486100000
414952378
66844678
1295811047950100000
3165302885
1294598970744930000
1295460546062550000
1360858412
1295406689542370000
1294360990700760000
73568132
567336828
1237405541061790000
14177275
115734832
3023535509
1135911641093000000
1193925494686790000
255665550
46622612
1288194888383830000
1270062238532080000
377746152
1293747984866440000
992128045912936000
1052258456395230000
1285627532516240000
1292991024013470000
1280549941321040000
1292538483114990000
1548303164
222763819
9666312
3333781205
2453669355
3383930818
1090251152048960000
1053102734633820000
126791351
2280724460
262692945
1205195549969930000
69370010
413089056
1159086079095570000
597953758
161816397
125164549
1291216705872710000
851170479574581000
1264320963317040000
121936152
474150860
65266309
892949749
1083933337117470000
1182438372
1214286794037920000
85001717
131207051
1228332698013490000
1100232205081690000
1287032937133810000
61492590
956316073581785000
3531830355
1252340051092090000
1189180691671440000
823424178049032000
1091123527288270000
1285036012217990000
100120062
1288143907814090000
1011603882051530000
486672195
1222919680438030000
166880501
2830288932
16304795
58374579
156324034
1287842618475500000
3893039631
2202217178
1272373735673210000
490892194
1287933073972170000
293853289
313752175
234027849